0	272
364	272
364	272
365	273
374	272
377	272
378	272
378	273
378	272
378	272
378	272
378	273
378	272
378	272
378	272
388	273
388	272
388	272
398	272
539	273
558	272
565	272
578	272
586	273
593	272
599	272
606	272
613	273
622	272
633	272
647	272
670	273
708	272
755	272
799	272
821	273
892	272
1227	272
1954	272
1964	273
2315	272
2907	272
3823	273
4501	272
4712	272
4906	272
4993	273
5098	272
5216	272
5315	272
5383	273
5461	272
5526	272
5572	272
5585	273
5597	272
5620	272
5659	272
5698	273
5741	272
5812	272
5877	272
5940	273
6018	272
6088	272
6151	272
6213	273
6277	272
6322	272
6358	272
6402	273
6460	272
6518	272
6579	272
6642	273
6698	272
6757	272
6809	272
6861	273
6917	272
6973	272
7030	272
7091	273
7149	272
7202	272
7260	273
7320	272
7381	272
7437	272
7492	273
7548	272
7607	272
7661	272
7710	273
7759	272
7818	272
7873	272
7932	273
7991	272
8050	272
8108	272
8162	273
8213	272
8271	272
8336	272
8391	273
8455	272
8519	272
8577	272
8639	273
8702	272
8762	272
8826	272
8884	273
8947	272
9013	272
9076	272
9143	273
9213	272
9282	272
9362	272
9451	273
9527	272
9608	272
9689	272
9774	273
9868	272
9967	272
10055	273
10136	272
10232	272
10329	272
10446	273
10562	272
10687	272
10807	272
10932	273
11071	272
11209	272
11372	272
11536	273
11722	272
11904	272
12107	272
12312	273
12528	272
12780	272
13021	272
13272	273
13504	272
13764	272
14038	272
14345	273
14606	272
14842	272
15144	272
15458	273
15776	272
16018	272
16326	272
16642	273
16918	272
17131	272
17414	272
17698	273
18019	272
18304	272
18584	272
18802	273
18979	272
19226	272
19439	273
19706	272
19969	272
20248	272
20564	273
20888	272
21215	272
21504	272
21816	273
22114	272
22437	272
22748	272
23078	273
23410	272
23756	272
24116	272
24435	273
24784	272
25084	272
25470	272
25832	273
26228	272
26660	272
27083	272
27544	273
28017	272
28493	272
29004	272
29569	273
30049	272
30557	272
31114	272
31702	273
32317	272
32932	272
33590	272
34268	273
34960	272
35698	272
36453	272
37166	273
37936	272
38805	272
39699	273
40658	272
41654	272
42771	272
43913	273
45071	272
46245	272
47618	272
49108	273
50528	272
51734	272
53321	272
55213	273
57388	272
59469	272
61488	272
63725	273
66352	272
69392	272
72931	272
75885	273
79337	272
83631	272
88173	272
93503	273
99889	272
107193	272
115411	272
124624	273
136338	272
149439	272
164440	272
183894	273
209639	272
244657	272
284837	272
350837	273
462915	272
650106	272
1258604	273
47111599	0
-9223372036854775808	69153
