0	11
0	11
0	11
0	11
0	11
0	11
0	11
0	11
0	11
0	11
0	11
0	11
0	11
0	11
0	11
0	11
0	11
0	11
0	11
0	11
0	11
0	11
0	11
0	11
0	11
0	11
0	11
0	11
0	11
0	11
0	11
0	11
0	11
30	11
116	11
116	11
122	11
134	11
148	11
149	11
149	11
149	11
149	11
149	11
149	11
149	11
149	11
152	11
162	11
164	11
165	11
170	11
172	11
172	11
183	11
194	11
194	11
197	11
197	11
204	11
206	11
207	11
210	11
211	11
214	11
214	11
214	11
214	11
214	11
214	11
214	11
214	11
214	11
214	11
214	11
216	11
227	11
227	11
238	11
238	11
241	11
241	11
242	11
242	11
242	11
242	11
242	11
246	11
247	11
254	11
271	11
271	11
271	11
271	11
271	11
271	11
271	11
271	11
271	11
281	11
286	11
295	11
311	11
319	11
324	11
330	11
347	11
354	11
354	11
354	11
354	11
354	11
354	11
354	11
364	11
367	11
380	11
394	11
419	11
461	11
461	11
461	11
461	11
473	11
489	11
489	11
489	11
489	11
489	11
507	11
509	11
523	11
527	11
528	11
546	11
564	11
582	11
625	11
640	11
680	11
692	11
702	11
702	11
706	11
736	11
752	11
764	11
776	11
776	11
776	11
777	11
779	11
789	11
798	11
798	11
798	11
800	11
841	11
846	11
846	11
868	11
870	11
876	11
882	11
896	11
905	11
905	11
922	11
942	11
956	11
956	11
980	11
985	11
1001	11
1016	11
1016	11
1017	11
1017	11
1040	11
1060	11
1075	11
1075	11
1081	11
1090	11
1090	11
1091	11
1091	11
1091	11
1091	11
1107	11
1107	11
1107	11
1110	11
1116	11
1116	11
1117	11
1117	11
1117	11
1117	11
1124	11
1139	11
1162	11
1183	11
1222	11
1224	11
1240	11
1240	11
1250	11
1250	11
1267	11
1289	11
1297	11
1324	11
1324	11
1341	11
1347	11
1347	11
1347	11
1362	11
1388	11
1402	11
1410	11
1423	11
1425	11
1427	11
1436	11
1437	11
1439	11
1440	11
1443	11
1449	11
1453	11
1453	11
1454	11
1457	11
1474	11
1485	11
1485	11
1485	11
1485	11
1485	11
1485	11
1485	11
1485	11
1485	11
1492	11
1502	11
1503	11
1503	11
1508	11
1515	11
1515	11
1527	11
1535	11
1542	11
1549	11
1550	11
1559	11
1563	11
1579	11
1599	11
1630	11
1640	11
1640	11
1640	11
1640	11
1640	11
1648	11
1648	11
1649	11
1658	11
1667	11
1667	11
1667	11
1674	11
1684	11
1703	11
1712	11
1716	11
1716	11
1736	11
1744	11
1751	11
1761	11
1764	11
1783	11
1783	11
1783	11
1787	11
1806	11
1820	11
1835	11
1847	11
1859	11
1866	11
1883	11
1893	11
1899	11
1912	11
1929	11
1932	11
1947	11
1969	11
1991	11
1999	11
2007	11
2024	11
2032	11
2106	11
2146	11
2164	11
2164	11
2164	11
2187	11
2205	11
2225	11
2225	11
2225	11
2254	11
2273	11
2273	11
2273	11
2273	11
2273	11
2273	11
2273	11
2273	11
2273	11
2273	11
2273	11
2273	11
2273	11
2273	11
2273	11
2273	11
2273	11
2273	11
2273	11
2273	11
2275	11
2348	11
2348	11
2367	11
2375	11
2416	11
2424	11
2424	11
2424	11
2460	11
2460	11
2460	11
2460	11
2469	11
2498	11
2558	11
2592	11
2734	11
2754	11
2810	11
2876	11
2930	11
3041	11
3041	11
3092	11
3274	11
3281	11
3281	11
3281	11
3384	11
3384	11
3384	11
3384	11
3384	11
3384	11
3384	11
3384	11
3384	11
3384	11
3384	11
3384	11
3384	11
3384	11
3384	11
3384	11
3384	11
3384	11
3384	11
3384	11
3384	11
3384	11
3384	11
3384	11
3384	11
3384	11
3384	11
3384	11
3384	11
3384	11
3384	11
3384	11
3384	11
3384	11
3384	11
3384	11
3384	11
3384	11
3384	11
3471	11
3680	11
3750	11
3929	11
3960	11
3985	11
4091	11
4108	11
4233	11
4233	11
4332	11
4501	11
4653	11
5101	11
5131	11
5131	11
5131	11
5188	11
5241	11
5702	11
5759	11
5759	11
5759	11
5759	11
5759	11
5759	11
5759	11
5759	11
5759	11
5759	11
5759	11
5759	11
5759	11
5759	11
5759	11
5759	11
5759	11
5759	11
5763	11
5874	11
6060	11
6060	11
6181	11
6189	11
6487	11
6622	11
6622	11
6676	11
6761	11
6761	11
6768	11
7134	11
7445	11
7546	11
7677	11
7691	11
7748	11
7785	11
7785	11
7785	11
7785	11
8357	11
8357	11
8357	11
8357	11
8535	11
8952	11
9367	11
9367	11
9651	11
9651	11
11103	11
11103	11
12004	11
12039	11
12039	11
12167	11
15315	11
16543	11
19922	11
20552	11
23415	11
24744	11
25043	11
27583	11
27583	11
30842	11
32768	11
33044	11
38842	11
41224	11
45230	11
49152	101
12530465	0
-9223372036854775808 5590