0	4943988
0	4943810
0	4943855
0	4943825
0	4943862
0	4943829
0	4943914
144	4943765
578	4943909
1523	4943799
2143	4943931
2311	4943797
2529	4943924
3788	4943761
5031	4943840
5309	4943888
5500	4943905
5600	4943732
5735	4943938
5870	4943822
6007	4943906
6128	4943754
6223	4943951
6318	4943805
6393	4943902
6462	4943795
6489	4943873
6507	4943826
6526	4943849
6556	4943784
6602	4943972
6664	4943725
6714	4943815
6780	4943994
6844	4943774
6911	4943908
6991	4943754
7067	4943805
7141	4944024
7211	4943789
7274	4943819
7351	4943917
7415	4943732
7484	4943856
7561	4943918
7630	4943874
7698	4943798
7765	4943805
7838	4943893
7871	4943895
7893	4943800
7911	4943859
7937	4943776
7971	4943955
8011	4943796
8052	4943778
8099	4943995
8161	4943864
8228	4943848
8290	4943847
8349	4943723
8410	4943932
8472	4943768
8532	4943956
8588	4943793
8646	4943812
8707	4943831
8767	4943994
8827	4943816
8887	4943780
8944	4943949
9002	4943770
9061	4943839
9119	4943902
9177	4943856
9235	4943862
9291	4943831
9349	4943750
9406	4943841
9463	4943830
9521	4944003
9578	4943825
9637	4943819
9696	4943906
9758	4943691
9820	4943960
9883	4943768
9947	4943838
10010	4943850
10074	4943835
10137	4943868
10201	4943934
10267	4943765
10334	4943925
10401	4943917
10470	4943813
10540	4943889
10611	4943755
10683	4943780
10756	4943875
10831	4943841
10907	4943932
10974	4943749
11051	4943921
11129	4943808
11207	4943815
11287	4944004
11367	4943706
11447	4944001
11531	4943730
11616	4943865
11696	4943955
11781	4943816
11871	4943836
11962	4943779
12055	4943921
12151	4943781
12249	4943852
12349	4943905
12450	4943825
12555	4943925
12662	4943854
12770	4943840
12882	4943834
12992	4943743
13100	4943857
13217	4943885
13341	4943939
13469	4943746
13602	4943873
13740	4943876
13884	4943843
14033	4943843
14185	4943753
14341	4943933
14485	4943790
14651	4943978
14821	4943831
14995	4943802
15170	4943939
15351	4943672
15536	4943872
15732	4943923
15934	4943889
16142	4943827
16357	4943750
16577	4943837
16801	4943909
17020	4943832
17188	4943884
17420	4943891
17654	4943736
17876	4943932
18025	4943897
18228	4943774
18484	4943918
18750	4943764
19020	4943806
19258	4943989
19533	4943720
19825	4943936
20107	4943857
20415	4943885
20735	4943715
21064	4943929
21398	4943839
21741	4943803
22092	4943929
22447	4943791
22811	4943849
23174	4943925
23489	4943732
23829	4943974
24203	4943832
24602	4943855
25018	4943750
25450	4943875
25886	4943844
26294	4943967
26745	4943838
27191	4943826
27664	4943891
28148	4943853
28625	4943834
29091	4943781
29565	4943768
30061	4943892
30574	4943910
31104	4943748
31646	4943999
32205	4943760
32776	4943873
33356	4943814
33941	4943866
34547	4943868
35174	4943884
35820	4943845
36478	4943864
37167	4943798
37887	4943804
38630	4943944
39408	4943738
40208	4943855
41043	4943856
41916	4943852
42821	4943892
43780	4943787
44775	4943935
45816	4943751
46875	4943924
47990	4943802
49168	4943861
50408	4943885
51710	4943774
53074	4943907
54494	4943844
56001	4943899
57586	4943889
59249	4943816
61004	4943910
62380	4943698
64323	4943919
66367	4943814
68548	4943958
70741	4943725
73080	4943868
75657	4943825
78479	4943906
81500	4943820
84786	4943830
88293	4943916
92067	4943843
96188	4943761
100740	4943960
105700	4943868
111139	4943849
117177	4943868
123896	4943736
131344	4943827
139717	4943961
148995	4943806
160030	4943860
172865	4943875
188005	4943728
206127	4943877
228107	4943845
255422	4943922
289895	4943923
330324	4943741
390010	4943944
478274	4943825
619663	4943786
887293	4943886
1613940	4943742
131695297536	0
